13232420008071031368611
13232420008071031368611
13232414127841031368648
13232414127841031368648
13232415347021031368669
13232415347021031368669
13232416333871031368690
13232416333871031368690
13232429562191031368632
13232430692041031368653
13232435176021031368695
13232436149721031368616
13232437134341031368637
13232438082491031368658
13232439028301031368679
13232439982781031377314
13232440967171031378560
13232441998721031378581
13232452216431031378502
13232453220021031378523
13232454571251031378544
13232456233911031378565
13232457296481031378586
13232458310561031378507
13232459317051031378528
13232460322791031378549
13232461321901031378570